label    weight    mult    size    length    heirarchy 
0      0    1   0   0   0   
1      0    4   1   0   0   
2      0    8   1   0   0   
3      0    8   2   2.97739   1   2   
4      0    16   2   3.11544   3   1   2   3   
5      0    4   2   3.38011   2   2   4   
6      0    8   2   3.55704   3   1   2   5   
7      0    8   2   3.6913   2   2   6   
8      0    4   2   3.6913   2   1   6   
9      0    8   2   3.92149   3   1   2   8   
10      0    4   2   4.55078   2   2   9   
11      0    8   2   5.00508   2   2   10   
12      0    16   2   5.12623   3   1   2   11   
13      0    16   2   5.31617   2   2   12   
14      0    8   2   5.31617   2   1   12   
15      0    16   2   5.38551   3   1   2   14   
16      0    8   2   5.85963   2   2   15   
17      0    16   2   5.88892   2   2   16   
18      0    16   2   5.89419   3   1   2   17   
19      0    4   2   5.94572   2   1   18   
20      0    8   2   6.00968   2   2   19   
21      0    16   2   6.07926   3   1   2   20   
22      0    16   2   6.29974   2   2   21   
23      0    4   2   6.31805   2   2   22   
24      0    8   2   6.42676   2   1   23   
25      0    8   2   6.82086   2   2   24   
26      0    8   2   6.99838   2   1   25   
27      0    8   2   7.04677   3   1   2   26   
28      0    16   2   7.2483   3   1   2   27   
29      0    8   2   7.25381   3   1   2   28   
30      0    8   2   7.31734   2   2   29   
31      0    4   2   7.3826   2   1   30   
32      0    8   2   7.3826   2   2   30   
33      0    8   2   7.45071   2   1   32   
34      0    16   2   7.45071   2   2   32   
35      0    4   2   7.63719   2   2   34   
36      0    16   2   7.75563   2   2   35   
37      0    16   2   7.86961   2   2   36   
38      0    16   2   7.87356   3   1   2   37   
39      0    16   2   7.95504   3   1   2   38   
40      0    8   2   8.10754   2   2   39   
41      0    8   2   8.1196   2   2   40   
42      0    16   2   8.13901   3   1   2   41   
43      0    16   2   8.18157   2   2   42   
44      0    16   2   8.19483   3   1   2   43   
45      0    8   2   8.27977   2   1   44   
46      0    16   2   8.35948   3   1   2   45   
47      0    8   2   8.48248   2   2   46   
48      0    16   2   8.48417   3   1   2   47   
49      0    16   2   8.49249   3   1   2   48   
50      0    8   2   8.67251   2   2   49   
51      0    16   2   8.90831   2   2   50   
52      0    16   2   8.93248   3   1   2   51   
53      0    8   2   9.1293   2   2   52   
54      0    8   2   9.26948   2   1   53   
55      0    16   2   9.30529   2   2   54   
56      0    8   2   9.43809   2   2   55   
57      0    16   2   9.4751   3   1   2   56   
58      0    8   2   9.47916   2   1   57   
59      0    4   2   9.49486   2   1   58   
60      0    8   2   9.5194   2   2   59   
61      0    16   2   9.56348   3   1   2   60   
62      0    16   2   9.68748   3   1   2   61   
63      0    8   2   9.71702   2   2   62   
64      0    4   2   9.75648   2   2   63   
65      0    8   2   9.83838   3   1   2   64   
66      0    8   2   9.84899   3   1   2   65   
67      0    16   2   9.96156   3   1   2   66   
68      0    16   2   9.96864   3   1   2   67   
69      0    4   2   9.971   2   1   68   
70      0    8   2   9.971   2   2   68   
71      0    16   2   10.0512   2   2   70   
72      0    8   2   10.1872   2   1   71   
73      0    16   2   10.2059   3   1   2   72   
74      0    16   2   10.3499   3   1   2   73   
75      0    8   2   10.4314   2   2   74   
76      0    16   2   10.4888   2   2   75   
77      0    8   2   10.4888   2   1   75   
78      0    16   2   10.5081   3   1   2   77   
79      0    8   2   10.5164   2   2   78   
80      0    16   2   10.518   3   1   2   79   
81      0    8   2   10.5283   2   2   80   
82      0    8   2   10.6221   2   2   81   
83      0    16   2   10.6323   2   2   82   
84      0    8   2   10.6323   2   1   82   
85      0    8   2   10.6384   2   1   84   
86      0    16   2   10.6696   2   2   85   
87      0    4   2   10.6957   2   2   86   
88      0    16   2   10.7188   2   2   87   
89      0    8   2   10.7856   2   2   88   
90      0    16   2   10.7904   2   2   89   
91      0    16   2   10.7933   3   1   2   90   
92      0    16   2   10.818   3   1   2   91   
93      0    16   2   10.9652   2   2   92   
94      0    16   2   11.0045   3   1   2   93   
95      0    4   2   11.0173   2   1   94   
96      0    8   2   11.0173   2   2   94   
97      0    16   2   11.02   2   2   96   
98      0    4   2   11.0739   2   1   97   
99      0    8   2   11.0739   2   2   97   
100      0    8   2   11.0931   2   1   99   
101      0    16   2   11.1567   2   2   100   
102      0    8   2   11.2913   2   2   101   
103      0    8   2   11.3147   2   2   102   
104      0    8   2   11.515   3   1   2   103   
105      0    8   2   11.5671   3   1   2   104   
106      0    8   2   11.5783   2   2   105   
107      0    8   2   11.5863   3   1   2   106   
108      0    16   2   11.5884   3   1   2   107   
109      0    8   2   11.6192   2   1   108   
110      0    16   2   11.6192   2   2   108   
111      0    16   2   11.6312   3   1   2   110   
112      0    16   2   11.7477   3   1   2   111   
113      0    16   2   11.9224   2   2   112   
114      0    8   2   11.9725   2   2   113   
115      0    8   3   3.38011   4   1   2   4   5   
116      0    4   3   3.55704   4   2   1   5   6   
117      0    8   3   3.6913   4   1   2   4   8   
118      0    8   3   3.6913   3   2   3   7   
119      0    8   3   3.6913   4   1   2   4   7   
120      0    16   3   3.92149   5   2   1   3   4   9   
121      0    8   3   4.55078   5   1   2   6   9   10   
122      0    8   3   5.00508   4   1   2   4   11   
123      0    16   3   5.00508   4   2   5   11   7   
124      0    16   3   5.12623   5   1   2   6   8   12   
125      0    16   3   5.12623   5   1   2   6   12   7   
126      0    16   3   5.12623   5   1   2   6   12   11   
127      0    8   3   5.12623   4   2   1   5   12   
128      0    16   3   5.31617   5   1   2   4   14   6   
129      0    16   3   5.31617   5   1   2   4   14   12   
130      0    16   3   5.31617   5   1   2   4   6   13   
131      0    16   3   5.31617   5   1   2   4   12   13   
132      0    8   3   5.31617   3   2   7   13   
133      0    4   3   5.31617   3   1   8   14   
134      0    16   3   5.31617   4   2   3   13   10   
135      0    8   3   5.31617   3   2   7   13   
136      0    4   3   5.31617   3   1   8   14   
137      0    16   3   5.38551   5   2   1   3   4   15   
138      0    16   3   5.38551   5   2   1   10   15   12   
139      0    16   3   5.38551   5   1   2   8   9   15   
140      0    16   3   5.38551   5   2   1   7   9   15   
141      0    16   3   5.85963   5   1   2   9   12   16   
142      0    16   3   5.85963   4   2   3   13   16   
143      0    16   3   5.85963   5   1   2   6   15   16   
144      0    16   3   5.85963   4   2   7   10   16   
145      0    8   3   5.88892   3   2   7   17   
146      0    16   3   5.88892   5   1   2   4   15   17   
147      0    16   3   5.88892   4   2   3   17   11   
148      0    16   3   5.88892   5   1   2   4   9   17   
149      0    16   3   5.88892   4   2   3   5   17   
150      0    8   3   5.88892   3   2   7   17   
151      0    16   3   5.89419   5   2   1   13   15   18   
152      0    16   3   5.89419   5   1   2   14   15   18   
153      0    8   3   5.89419   4   2   1   7   18   
154      0    16   3   5.89419   5   1   2   9   18   13   
155      0    16   3   5.89419   5   1   2   9   14   18   
156      0    16   3   5.89419   5   1   2   6   18   17   
157      0    16   3   5.89419   5   1   2   12   18   17   
158      0    16   3   5.89419   5   2   1   3   18   12   
159      0    16   3   5.89419   5   2   1   3   18   6   
160      0    8   3   5.89419   4   1   2   8   18   
161      0    8   3   5.94572   5   1   2   6   19   9   
162      0    16   3   5.94572   5   1   2   4   19   18   
163      0    16   3   5.94572   5   1   2   12   19   15   
164      0    16   3   6.00968   4   2   13   16   20   
165      0    16   3   6.00968   5   1   2   4   15   20   
166      0    16   3   6.00968   5   1   2   12   18   20   
167      0    16   3   6.00968   4   2   11   17   20   
168      0    16   3   6.00968   4   2   3   7   20   
169      0    16   3   6.07926   5   1   2   12   21   13   
170      0    16   3   6.07926   5   1   2   9   21   20   
171      0    16   3   6.07926   5   1   2   4   21   11   
172      0    16   3   6.07926   5   1   2   4   21   7   
173      0    16   3   6.07926   5   1   2   15   21   17   
174      0    16   3   6.07926   5   1   2   12   14   21   
175      0    16   3   6.07926   5   1   2   4   8   21   
176      0    16   3   6.07926   5   2   1   3   15   21   
177      0    8   3   6.07926   4   2   1   5   21   
178      0    16   3   6.29974   4   2   10   17   22   
179      0    16   3   6.29974   4   2   16   17   22   
180      0    16   3   6.29974   5   1   2   4   6   22   
181      0    16   3   6.29974   4   2   11   22   13   
182      0    16   3   6.29974   4   2   5   22   13   
183      0    16   3   6.29974   5   1   2   4   12   22   
184      0    16   3   6.29974   5   1   2   12   21   22   
185      0    8   3   6.29974   3   2   7   22   
186      0    16   3   6.29974   4   2   5   22   13   
187      0    8   3   6.29974   3   2   7   22   
188      0    16   3   6.29974   4   2   11   22   13   
189      0    16   3   6.31805   5   1   2   4   18   23   
190      0    16   3   6.31805   4   2   3   23   13   
191      0    16   3   6.31805   4   2   17   23   22   
192      0    16   3   6.42676   5   1   2   15   24   21   
193      0    16   3   6.42676   4   1   14   24   19   
194      0    16   3   6.42676   5   1   2   4   24   9   
195      0    16   3   6.42676   5   1   2   4   24   15   
196      0    8   3   6.42676   3   1   8   24   
197      0    16   3   6.82086   4   2   3   22   25   
198      0    16   3   6.82086   4   2   13   25   17   
199      0    16   3   6.82086   4   2   13   25   17   
200      0    16   3   6.82086   4   2   11   25   16   
201      0    8   3   6.82086   4   2   5   25   10   
202      0    8   3   6.82086   5   1   2   6   9   25   
203      0    16   3   6.82086   5   1   2   12   15   25   
204      0    16   3   6.99838   4   1   14   24   26   
205      0    16   3   6.99838   4   1   8   19   26   
206      0    16   3   6.99838   5   1   2   9   26   12   
207      0    16   3   6.99838   5   1   2   18   26   21   
208      0    16   3   6.99838   5   1   2   6   26   15   
209      0    16   3   6.99838   5   1   2   4   26   18   
210      0    16   3   7.04677   5   1   2   4   27   13   
211      0    8   3   7.04677   5   1   2   9   27   23   
212      0    16   3   7.04677   5   1   2   4   27   22   
213      0    16   3   7.04677   5   1   2   4   14   27   
214      0    16   3   7.04677   5   1   2   18   24   27   
215      0    4   3   7.04677   4   2   1   5   27   
216      0    16   3   7.2483   5   1   2   9   28   13   
217      0    16   3   7.2483   5   1   2   4   28   25   
218      0    16   3   7.2483   5   2   1   17   28   27   
219      0    16   3   7.2483   5   2   1   13   28   15   
220      0    16   3   7.2483   5   2   1   16   28   21   
221      0    16   3   7.2483   5   1   2   9   14   28   
222      0    16   3   7.2483   5   1   2   4   28   10   
223      0    16   3   7.2483   5   2   1   3   27   28   
224      0    16   3   7.2483   5   1   2   4   28   16   
225      0    16   3   7.2483   5   1   2   14   28   15   
226      0    16   3   7.2483   5   1   2   6   24   28   
227      0    8   3   7.2483   4   2   1   7   28   
228      0    16   3   7.2483   5   1   2   12   24   28   
229      0    8   3   7.2483   4   1   2   8   28   
230      0    16   3   7.25381   5   1   2   18   29   22   
231      0    16   3   7.25381   5   1   2   4   29   17   
232      0    8   3   7.25381   5   1   2   6   29   25   
233      0    8   3   7.25381   5   1   2   6   19   29   
234      0    16   3   7.25381   5   2   1   11   29   15   
235      0    8   3   7.25381   5   2   1   5   29   9   
236      0    16   3   7.25381   5   1   2   12   26   29   
237      0    16   3   7.25381   5   1   2   4   24   29   
238      0    16   3   7.25381   5   2   1   22   28   29   
239      0    16   3   7.31734   4   2   13   20   30   
240      0    16   3   7.31734   5   1   2   4   18   30   
241      0    16   3   7.31734   4   2   7   23   30   
242      0    16   3   7.31734   5   1   2   18   21   30   
243      0    16   3   7.31734   4   2   17   30   22   
244      0    16   3   7.31734   5   1   2   15   27   30   
245      0    16   3   7.31734   4   2   3   13   30   
246      0    8   3   7.3826   4   1   2   15   31   
247      0    16   3   7.3826   5   1   2   4   31   21   
248      0    8   3   7.3826   4   1   2   12   31   
249      0    8   3   7.3826   4   1   2   15   32   
250      0    4   3   7.3826   3   1   8   31   
251      0    8   3   7.3826   3   2   7   32   
252      0    8   3   7.3826   3   2   11   32   
253      0    8   3   7.3826   4   1   2   12   32   
254      0    16   3   7.3826   5   1   2   4   21   32   
255      0    8   3   7.3826   3   2   16   32   
256      0    16   3   7.3826   4   2   3   20   32   
257      0    8   3   7.3826   3   1   26   31   
258      0    8   3   7.3826   3   2   30   32   
259      0    16   3   7.45071   4   2   10   20   34   
260      0    16   3   7.45071   4   2   13   32   34   
261      0    8   3   7.45071   4   1   14   31   33   
262      0    16   3   7.45071   5   1   2   4   12   34   
263      0    16   3   7.45071   4   2   13   34   32   
264      0    16   3   7.45071   5   1   2   15   18   34   
265      0    8   3   7.45071   4   1   14   33   31   
266      0    16   3   7.45071   4   2   7   13   34   
267      0    16   3   7.45071   4   2   3   30   34   
268      0    16   3   7.45071   5   1   2   15   33   18   
269      0    16   3   7.45071   4   2   20   23   34   
270      0    16   3   7.45071   4   2   11   22   34   
271      0    16   3   7.45071   4   1   24   26   33   
272      0    8   3   7.45071   4   1   8   14   33   
273      0    16   3   7.45071   5   1   2   4   33   12   
274      0    16   3   7.45071   5   1   2   6   21   34   
275      0    16   3   7.45071   4   2   11   22   34   
276      0    8   3   7.45071   4   1   8   14   33   
277      0    16   3   7.45071   4   2   7   13   34   
278      0    16   3   7.45071   5   1   2   21   27   34   
279      0    16   3   7.45071   5   1   2   15   28   34   
280      0    16   3   7.45071   4   2   3   16   34   
281      0    16   3   7.45071   5   1   2   15   33   28   
282      0    16   3   7.45071   5   1   2   21   33   27   
283      0    16   3   7.45071   5   1   2   6   33   21   
284      0    8   3   7.63719   4   2   10   35   25   
285      0    4   3   7.63719   4   1   2   9   35   
286      0    8   3   7.63719   4   1   2   15   35   
287      0    8   3   7.63719   4   1   2   18   35   
288      0    8   3   7.63719   4   1   2   28   35   
289      0    16   3   7.63719   4   2   3   17   35   
290      0    16   3   7.75563   4   2   16   35   36   
291      0    16   3   7.75563   4   2   10   11   36   
292      0    16   3   7.75563   4   2   13   36   17   
293      0    16   3   7.75563   4   2   3   22   36   
294      0    16   3   7.75563   4   2   17   36   34   
295      0    16   3   7.75563   4   2   5   36   16   
296      0    16   3   7.75563   5   1   2   9   12   36   
297      0    16   3   7.75563   4   2   20   22   36   
298      0    16   3   7.75563   4   2   13   36   17   
299      0    16   3   7.75563   4   2   17   34   36   
300      0    16   3   7.75563   5   1   2   12   29   36   
301      0    16   3   7.75563   5   1   2   6   15   36   
302      0    16   3   7.75563   4   2   7   25   36   
303      0    8   3   7.75563   3   2   32   36   
304      0    16   3   7.75563   5   1   2   4   28   36   
305      0    16   3   7.75563   5   1   2   21   28   36   
306      0    8   3   7.75563   3   2   32   36   
307      0    16   3   7.75563   4   2   7   25   36   
308      0    16   3   7.86961   4   2   7   17   37   
309      0    16   3   7.86961   4   2   13   36   37   
310      0    16   3   7.86961   4   2   13   36   37   
311      0    16   3   7.86961   4   2   3   11   37   
312      0    16   3   7.86961   4   2   7   17   37   
313      0    16   3   7.86961   4   2   17   37   32   
314      0    16   3   7.86961   4   2   22   37   30   
315      0    16   3   7.86961   5   1   2   4   15   37   
316      0    16   3   7.86961   4   2   25   37   34   
317      0    16   3   7.86961   5   1   2   12   18   37   
318      0    16   3   7.86961   4   2   5   37   20   
319      0    16   3   7.86961   4   2   20   35   37   
320      0    16   3   7.86961   5   1   2   9   21   37   
321      0    16   3   7.86961   5   1   2   21   29   37   
322      0    16   3   7.86961   4   2   25   34   37   
323      0    16   3   7.86961   4   2   16   22   37   
324      0    16   3   7.86961   4   2   17   32   37   
325      0    16   3   7.87356   5   2   1   13   15   38   
326      0    16   3   7.87356   5   1   2   4   26   38   
327      0    16   3   7.87356   5   1   2   18   31   38   
328      0    16   3   7.87356   5   1   2   14   15   38   
329      0    16   3   7.87356   5   2   1   7   18   38   
330      0    16   3   7.87356   5   1   2   19   21   38   
331      0    16   3   7.87356   5   1   2   8   18   38   
332      0    16   3   7.87356   5   1   2   18   38   32   
333      0    16   3   7.87356   5   1   2   9   33   38   
334      0    16   3   7.87356   5   1   2   12   38   17   
335      0    16   3   7.87356   5   1   2   6   38   37   
336      0    16   3   7.87356   5   2   1   3   12   38   
337      0    16   3   7.87356   5   1   2   9   38   34   
338      0    8   3   7.87356   4   2   1   35   38   
339      0    16   3   7.87356   5   1   2   21   38   23   
340      0    16   3   7.87356   5   1   2   4   38   30   
341      0    16   3   7.87356   5   1   2   6   38   20   
342      0    16   3   7.95504   5   1   2   24   39   38   
343      0    16   3   7.95504   5   1   2   14   39   21   
344      0    16   3   7.95504   5   1   2   21   39   22   
345      0    16   3   7.95504   5   1   2   9   39   30   
346      0    16   3   7.95504   5   1   2   28   39   37   
347      0    16   3   7.95504   5   1   2   4   39   22   
348      0    16   3   7.95504   5   2   1   13   21   39   
349      0    16   3   7.95504   5   1   2   4   39   34   
350      0    16   3   7.95504   5   1   2   4   39   13   
351      0    16   3   7.95504   5   1   2   15   39   23   
352      0    16   3   7.95504   5   1   2   4   14   39   
353      0    16   3   7.95504   5   1   2   4   33   39   
354      0    16   3   7.95504   5   2   1   7   27   39   
355      0    16   3   7.95504   5   2   1   11   27   39   
356      0    16   3   7.95504   5   1   2   18   24   39   
357      0    8   3   7.95504   4   1   2   31   39   
358      0    16   3   7.95504   5   1   2   8   27   39   
359      0    8   3   7.95504   4   2   1   5   39   
360      0    8   3   7.95504   4   2   1   32   39   
361      0    16   3   7.95504   5   2   1   3   28   39   
362      0    16   3   7.95504   5   2   1   17   28   39   
363      0    16   3   7.95504   5   2   1   20   28   39   
364      0    8   3   8.10754   5   1   2   27   29   40   
365      0    16   3   8.10754   4   2   13   17   40   
366      0    16   3   8.10754   4   2   34   37   40   
367      0    16   3   8.10754   4   2   34   37   40   
368      0    16   3   8.10754   4   2   13   17   40   
369      0    16   3   8.10754   5   1   2   4   18   40   
370      0    16   3   8.10754   5   1   2   21   38   40   
371      0    16   3   8.10754   4   2   3   40   22   
372      0    8   3   8.10754   5   1   2   9   27   40   
373      0    8   3   8.10754   4   2   5   40   23   
374      0    16   3   8.10754   5   1   2   15   39   40   
375      0    8   3   8.10754   4   2   23   40   35   
376      0    16   3   8.10754   4   2   11   40   30   
377      0    16   3   8.1196   4   2   22   41   34   
378      0    16   3   8.1196   4   2   16   36   41   
379      0    16   3   8.1196   4   2   5   41   32   
380      0    16   3   8.1196   4   2   3   37   41   
381      0    16   3   8.1196   5   1   2   4   21   41   
382      0    8   3   8.1196   4   1   2   12   41   
383      0    16   3   8.1196   4   2   22   34   41   
384      0    16   3   8.1196   4   2   17   20   41   
385      0    16   3   8.1196   4   2   7   11   41   
386      0    8   3   8.1196   4   1   2   39   41   
387      0    16   3   8.13901   5   1   2   15   42   41   
388      0    16   3   8.13901   5   1   2   9   42   11   
389      0    16   3   8.13901   5   1   2   18   42   22   
390      0    16   3   8.13901   5   1   2   6   26   42   
391      0    16   3   8.13901   5   2   1   17   21   42   
392      0    16   3   8.13901   5   1   2   12   19   42   
393      0    16   3   8.13901   5   2   1   5   42   15   
394      0    16   3   8.13901   5   1   2   4   42   17   
395      0    16   3   8.13901   5   2   1   22   42   38   
396      0    8   3   8.13901   4   1   2   31   42   
397      0    16   3   8.13901   5   2   1   22   28   42   
398      0    8   3   8.13901   4   2   1   32   42   
399      0    16   3   8.13901   5   1   2   12   42   25   
400      0    16   3   8.13901   5   1   2   4   42   37   
401      0    16   3   8.13901   5   1   2   8   29   42   
402      0    16   3   8.13901   5   1   2   4   24   42   
403      0    16   3   8.13901   5   2   1   7   29   42   
404      0    16   3   8.13901   5   1   2   21   24   42   
405      0    16   3   8.13901   5   1   2   6   42   36   
406      0    16   3   8.13901   5   1   2   39   42   40   
407      0    16   3   8.18157   5   1   2   28   42   43   
408      0    16   3   8.18157   4   2   16   17   43   
409      0    16   3   8.18157   4   2   10   37   43   
410      0    16   3   8.18157   4   2   5   43   34   
411      0    16   3   8.18157   4   2   22   43   32   
412      0    16   3   8.18157   4   2   7   22   43   
413      0    16   3   8.18157   4   2   11   13   43   
414      0    16   3   8.18157   4   2   13   43   41   
415      0    16   3   8.18157   4   2   13   41   43   
416      0    16   3   8.18157   4   2   20   40   43   
417      0    16   3   8.18157   5   1   2   4   12   43   
418      0    16   3   8.18157   4   2   22   32   43   
419      0    16   3   8.18157   5   1   2   29   38   43   
420      0    16   3   8.18157   4   2   17   30   43   
421      0    16   3   8.18157   4   2   11   13   43   
422      0    16   3   8.18157   4   2   7   22   43   
423      0    16   3   8.18157   5   1   2   6   21   43   
424      0    16   3   8.18157   5   1   2   18   42   43   
425      0    16   3   8.18157   5   1   2   21   27   43   
426      0    16   3   8.18157   5   1   2   4   39   43   
427      0    16   3   8.18157   4   2   23   43   37   
428      0    16   3   8.18157   4   2   20   25   43   
429      0    16   3   8.18157   4   2   3   36   43   
430      0    16   3   8.18157   4   2   5   43   34   
431      0    16   3   8.19483   5   1   2   15   26   44   
432      0    16   3   8.19483   5   1   2   6   31   44   
433      0    16   3   8.19483   5   2   1   3   38   44   
434      0    16   3   8.19483   5   1   2   8   12   44   
435      0    16   3   8.19483   5   1   2   4   44   34   
436      0    16   3   8.19483   5   1   2   18   44   37   
437      0    16   3   8.19483   5   1   2   18   44   20   
438      0    16   3   8.19483   5   2   1   17   38   44   
439      0    16   3   8.19483   5   1   2   15   44   36   
440      0    16   3   8.19483   5   1   2   21   44   22   
441      0    16   3   8.19483   5   1   2   15   44   16   
442      0    16   3   8.19483   5   2   1   13   44   21   
443      0    16   3   8.19483   5   1   2   26   42   44   
444      0    16   3   8.19483   5   2   1   36   44   42   
445      0    16   3   8.19483   5   1   2   14   21   44   
446      0    16   3   8.19483   5   1   2   4   44   43   
447      0    16   3   8.19483   5   1   2   6   44   32   
448      0    16   3   8.19483   5   2   1   7   12   44   
449      0    16   3   8.19483   5   1   2   6   44   41   
450      0    16   3   8.19483   5   1   2   4   33   44   
451      0    16   3   8.19483   5   2   1   11   12   44   
452      0    8   3   8.19483   4   2   1   5   44   
453      0    16   3   8.27977   5   1   2   21   45   29   
454      0    16   3   8.27977   4   1   14   45   26   
455      0    16   3   8.27977   5   1   2   27   45   38   
456      0    16   3   8.27977   5   1   2   12   45   28   
457      0    16   3   8.27977   5   1   2   28   45   44   
458      0    16   3   8.27977   5   1   2   9   45   21   
459      0    16   3   8.27977   5   1   2   18   45   39   
460      0    16   3   8.27977   4   1   24   45   31   
461      0    16   3   8.27977   4   1   19   33   45   
462      0    16   3   8.27977   5   1   2   4   45   15   
463      0    16   3   8.27977   5   1   2   4   45   42   
464      0    16   3   8.27977   4   1   8   24   45   
465      0    16   3   8.35948   5   1   2   28   33   46   
466      0    16   3   8.35948   5   2   1   3   21   46   
467      0    16   3   8.35948   5   2   1   17   46   21   
468      0    16   3   8.35948   5   1   2   28   46   34   
469      0    16   3   8.35948   5   1   2   29   46   41   
470      0    16   3   8.35948   5   1   2   18   33   46   
471      0    16   3   8.35948   5   2   1   30   39   46   
472      0    16   3   8.35948   5   1   2   18   46   34   
473      0    16   3   8.35948   5   1   2   19   44   46   
474      0    16   3   8.35948   5   1   2   9   31   46   
475      0    16   3   8.35948   5   2   1   10   46   44   
476      0    16   3   8.35948   5   2   1   25   46   44   
477      0    16   3   8.35948   5   1   2   9   46   32   
478      0    16   3   8.35948   5   1   2   12   46   16   
479      0    16   3   8.35948   5   1   2   4   46   37   
480      0    16   3   8.35948   5   1   2   12   46   36   
481      0    16   3   8.35948   5   2   1   13   46   38   
482      0    8   3   8.35948   4   2   1   35   46   
483      0    16   3   8.35948   5   2   1   7   15   46   
484      0    16   3   8.35948   5   1   2   14   46   38   
485      0    16   3   8.35948   5   1   2   4   46   20   
486      0    16   3   8.35948   5   1   2   21   24   46   
487      0    16   3   8.35948   5   1   2   12   26   46   
488      0    16   3   8.35948   5   1   2   8   15   46   
489      0    16   3   8.35948   5   2   1   11   42   46   
490      0    16   3   8.35948   5   1   2   4   45   46   
491      0    8   3   8.48248   3   2   32   47   
492      0    16   3   8.48248   4   2   7   35   47   
493      0    16   3   8.48248   4   2   10   47   36   
494      0    16   3   8.48248   4   2   3   47   37   
495      0    16   3   8.48248   4   2   17   47   20   
496      0    16   3   8.48248   5   1   2   9   15   47   
497      0    16   3   8.48248   4   2   30   40   47   
498      0    8   3   8.48248   4   1   2   28   47   
499      0    16   3   8.48248   5   1   2   15   46   47   
500      0    8   3   8.48248   4   1   2   18   47   
501      0    16   3   8.48248   4   2   3   17   47   
502      0    16   3   8.48248   5   1   2   18   38   47   
503      0    16   3   8.48248   4   2   16   25   47   
504      0    16   3   8.48417   5   1   2   33   42   48   
505      0    16   3   8.48417   5   2   1   34   42   48   
506      0    16   3   8.48417   5   1   2   14   42   48   
507      0    16   3   8.48417   5   1   2   21   26   48   
508      0    16   3   8.48417   5   2   1   13   29   48   
509      0    16   3   8.48417   5   1   2   14   29   48   
510      0    16   3   8.48417   5   1   2   4   19   48   
511      0    16   3   8.48417   5   1   2   4   26   48   
512      0    16   3   8.48417   5   2   1   13   42   48   
513      0    16   3   8.48417   5   1   2   39   45   48   
514      0    16   3   8.48417   5   2   1   43   46   48   
515      0    16   3   8.48417   5   1   2   15   48   43   
516      0    16   3   8.48417   5   1   2   38   48   41   
517      0    16   3   8.48417   5   1   2   24   48   39   
518      0    16   3   8.48417   5   1   2   24   27   48   
519      0    16   3   8.48417   5   1   2   15   48   22   
520      0    16   3   8.48417   5   1   2   9   48   22   
521      0    16   3   8.48417   5   1   2   12   48   17   
522      0    16   3   8.48417   5   1   2   4   48   40   
523      0    16   3   8.48417   5   2   1   11   48   38   
524      0    8   3   8.48417   4   2   1   7   48   
525      0    16   3   8.48417   5   2   1   37   44   48   
526      0    16   3   8.48417   5   1   2   12   48   37   
527      0    16   3   8.48417   5   2   1   5   48   18   
528      0    16   3   8.48417   5   2   1   11   48   18   
529      0    16   3   8.48417   5   1   2   6   48   17   
530      0    8   3   8.48417   4   1   2   8   48   
531      0    16   3   8.49249   5   2   1   10   18   49   
532      0    16   3   8.49249   5   2   1   36   38   49   
533      0    16   3   8.49249   5   2   1   16   18   49   
534      0    16   3   8.49249   5   2   1   16   49   38   
535      0    16   3   8.49249   5   2   1   36   49   48   
536      0    16   3   8.49249   5   2   1   25   49   48   
537      0    16   3   8.49249   5   1   2   33   44   49   
538      0    16   3   8.49249   5   2   1   43   49   44   
539      0    16   3   8.49249   5   2   1   34   49   44   
540      0    8   3   8.49249   4   2   1   5   49   
541      0    8   3   8.49249   4   2   1   11   49   
542      0    16   3   8.49249   5   1   2   12   33   49   
543      0    16   3   8.49249   5   1   2   6   14   49   
544      0    8   3   8.49249   4   2   1   7   49   
545      0    16   3   8.49249   5   1   2   12   14   49   
546      0    8   3   8.49249   4   1   2   8   49   
547      0    16   3   8.49249   5   1   2   6   49   22   
548      0    16   3   8.49249   5   1   2   12   49   13   
549      0    16   3   8.49249   5   1   2   19   49   28   
550      0    16   3   8.49249   5   1   2   26   49   28   
551      0    16   3   8.49249   5   1   2   18   49   36   
552      0    16   3   8.49249   5   1   2   12   49   22   
553      0    16   3   8.49249   5   1   2   6   49   13   
554      0    16   3   8.49249   5   1   2   12   49   34   
555      0    16   3   8.49249   5   1   2   18   49   25   
556      0    16   3   8.49249   5   1   2   12   49   43   
557      0    16   3   8.67251   4   2   10   32   50   
558      0    16   3   8.67251   4   2   36   47   50   
559      0    16   3   8.67251   5   1   2   38   49   50   
560      0    16   3   8.67251   4   2   13   50   20   
561      0    16   3   8.67251   4   2   3   34   50   
562      0    16   3   8.67251   4   2   22   50   37   
563      0    16   3   8.67251   4   2   25   50   41   
564      0    16   3   8.67251   5   1   2   9   44   50   
565      0    16   3   8.67251   4   2   17   50   43   
566      0    16   3   8.67251   4   2   11   36   50   
567      0    16   3   8.67251   4   2   7   16   50   
568      0    16   3   8.67251   5   1   2   6   46   50   
569      0    16   3   8.67251   5   1   2   21   28   50   
570      0    16   3   8.67251   5   1   2   12   15   50   
571      0    16   3   8.90831   4   2   13   37   51   
572      0    16   3   8.90831   5   1   2   27   42   51   
573      0    16   3   8.90831   4   2   13   17   51   
574      0    16   3   8.90831   4   2   13   37   51   
575      0    16   3   8.90831   5   1   2   39   46   51   
576      0    16   3   8.90831   4   2   13   17   51   
577      0    16   3   8.90831   4   2   7   40   51   
578      0    16   3   8.90831   5   1   2   18   21   51   
579      0    16   3   8.90831   5   1   2   4   48   51   
580      0    16   3   8.90831   4   2   7   40   51   
581      0    16   3   8.90831   4   2   30   35   51   
582      0    16   3   8.90831   5   1   2   21   48   51   
583      0    16   3   8.90831   5   1   2   4   38   51   
584      0    16   3   8.90831   4   2   11   23   51   
585      0    16   3   8.90831   5   1   2   4   18   51   
586      0    8   3   8.90831   3   2   32   51   
587      0    8   3   8.90831   3   2   32   51   
588      0    16   3   8.90831   4   2   3   22   51   
589      0    16   3   8.90831   5   1   2   29   39   51   
590      0    16   3   8.90831   4   2   23   51   47   
591      0    16   3   8.90831   4   2   30   51   41   
592      0    16   3   8.90831   4   2   17   34   51   
593      0    16   3   8.90831   5   1   2   15   27   51   
594      0    16   3   8.90831   4   2   5   51   30   
595      0    16   3   8.90831   4   2   17   51   34   
596      0    16   3   8.90831   4   2   20   22   51   
597      0    16   3   8.90831   5   1   2   9   39   51   
598      0    16   3   8.90831   4   2   3   51   43   
599      0    16   3   8.93248   5   1   2   28   31   52   
600      0    16   3   8.93248   5   2   1   10   21   52   
601      0    16   3   8.93248   5   1   2   9   33   52   
602      0    16   3   8.93248   5   2   1   13   52   15   
603      0    16   3   8.93248   5   1   2   29   52   43   
604      0    16   3   8.93248   5   1   2   4   52   16   
605      0    16   3   8.93248   5   1   2   14   52   46   
606      0    16   3   8.93248   5   1   2   21   52   25   
607      0    16   3   8.93248   5   1   2   27   52   37   
608      0    16   3   8.93248   5   2   1   13   52   46   
609      0    16   3   8.93248   5   2   1   20   27   52   
610      0    16   3   8.93248   5   1   2   24   52   44   
611      0    16   3   8.93248   5   1   2   14   52   15   
612      0    16   3   8.93248   5   1   2   4   52   36   
613      0    16   3   8.93248   5   1   2   28   52   32   
614      0    16   3   8.93248   5   1   2   9   52   34   
615      0    16   3   8.93248   5   1   2   4   52   50   
616      0    16   3   8.93248   5   2   1   22   52   42   
617      0    16   3   8.93248   5   2   1   3   39   52   
618      0    16   3   8.93248   5   1   2   28   52   47   
619      0    16   3   8.93248   5   2   1   17   52   39   
620      0    16   3   8.93248   5   2   1   7   28   52   
621      0    8   3   8.93248   4   2   1   35   52   
622      0    16   3   8.93248   5   1   2   26   49   52   
623      0    16   3   8.93248   5   1   2   12   24   52   
624      0    16   3   8.93248   5   1   2   6   45   52   
625      0    16   3   8.93248   5   1   2   8   28   52   
626      0    4   4   3.6913   7   1   2   4   8   5   115   117   
627      0    8   4   3.92149   9   2   1   3   9   7   4   118   120   119   
628      0    16   4   5.00508   10   1   2   4   5   7   11   115   119   122   123   
629      0    4   4   5.00508   5   2   5   11   7   123   
630      0    16   4   5.12623   11   2   1   5   6   11   7   12   116   123   126   125   
631      0    16   4   5.12623   11   2   1   5   11   12   7   6   123   127   126   125   
632      0    8   4   5.12623   9   2   1   5   6   12   8   116   127   124   
633      0    8   4   5.12623   8   1   2   6   8   12   7   124   125   
634      0    8   4   5.12623   8   1   2   6   8   12   11   124   126   
635      0    8   4   5.31617   9   1   2   4   14   5   6   115   128   116   
636      0    8   4   5.31617   9   1   2   4   14   5   12   115   129   127   
637      0    16   4   5.31617   11   1   2   4   14   7   6   12   119   128   129   125   
638      0    16   4   5.31617   11   1   2   4   14   11   6   12   122   128   129   126   
639      0    16   4   5.31617   11   1   2   4   8   12   13   6   117   131   124   130   
640      0    8   4   5.31617   9   1   2   4   6   7   13   119   130   135   
641      0    8   4   5.31617   9   1   2   4   8   14   6   117   128   133   
642      0    16   4   5.31617   11   1   2   6   12   4   7   13   125   130   131   132   
643      0    8   4   5.31617   8   2   3   10   7   13   118   134   135   
644      0    16   4   5.31617   12   2   1   3   4   13   9   10   6   120   134   130   121   
645      0    16   4   5.31617   11   1   2   6   8   14   12   4   124   128   136   129   
646      0    16   4   5.38551   11   1   2   4   8   15   3   9   117   137   139   120   
647      0    16   4   5.38551   11   2   1   3   4   7   9   15   118   120   137   140   
648      0    16   4   5.38551   12   1   2   4   12   15   13   3   10   131   137   138   134   
649      0    16   4   5.38551   12   1   2   6   9   8   10   12   15   121   124   139   138   
650      0    8   4   5.38551   8   1   2   8   9   15   7   139   140   
651      0    16   4   5.85963   12   2   1   10   15   7   12   16   9   138   144   140   141   
652      0    16   4   5.85963   12   1   2   4   6   15   13   3   16   130   137   143   142   
653      0    16   4   5.85963   12   2   1   3   4   13   9   16   12   120   142   131   141   
654      0    16   4   5.85963   10   2   7   13   16   10   3   132   144   142   134   
655      0    16   4   5.85963   12   1   2   6   12   15   7   16   10   125   143   138   144   
656      0    16   4   5.85963   12   1   2   6   9   15   10   16   7   121   143   140   144   
657      0    16   4   5.85963   12   1   2   6   8   15   12   16   9   124   143   139   141   
658      0    4   4   5.85963   5   2   7   10   16   144   
659      0    16   4   5.85963   10   2   3   13   7   10   16   118   134   142   144   
660      0    16   4   5.85963   12   1   2   6   9   12   10   7   16   121   125   141   144   
661      0    16   4   5.88892   10   2   5   11   3   7   17   123   149   147   150   
662      0    8   4   5.88892   9   1   2   4   9   7   17   119   148   150   
663      0    16   4   5.88892   11   1   2   4   8   15   17   9   117   146   139   148   
664      0    16   4   5.88892   11   1   2   4   15   5   17   3   115   146   137   149   
665      0    16   4   5.88892   11   1   2   4   9   5   17   3   115   148   120   149   
666      0    8   4   5.88892   8   2   3   5   7   17   118   149   145   
667      0    16   4   5.88892   10   2   3   17   7   5   11   118   149   147   123   
668      0    16   4   5.88892   11   2   1   7   9   17   15   4   140   145   148   146   
669      0    16   4   5.88892   11   2   1   3   4   11   9   17   120   147   122   148   
670      0    16   4   5.89419   11   2   1   7   13   15   9   18   132   140   151   154   
671      0    16   4   5.89419   12   1   2   4   14   15   6   17   18   128   146   152   156   
672      0    16   4   5.89419   12   1   2   4   14   15   6   3   18   128   137   152   159   
673      0    16   4   5.89419   11   1   2   8   14   15   9   18   133   139   152   155   
674      0    16   4   5.89419   12   1   2   4   14   9   6   17   18   128   148   155   156   
675      0    16   4   5.89419   12   1   2   4   14   9   12   17   18   129   148   155   157   
676      0    16   4   5.89419   11   2   1   5   6   3   17   18   116   149   159   156   
677      0    16   4   5.89419   11   2   1   5   12   3   17   18   127   149   158   157   
678      0    16   4   5.89419   12   2   1   3   13   18   10   12   15   134   158   151   138   
679      0    8   4   5.89419   9   2   1   7   13   18   9   135   153   154   
680      0    16   4   5.89419   12   2   1   3   4   12   9   18   14   120   158   129   155   
681      0    8   4   5.89419   9   2   1   3   6   7   18   118   159   153   
682      0    16   4   5.89419   11   2   1   7   9   18   15   14   140   153   155   152   
683      0    16   4   5.89419   11   2   1   3   18   7   6   12   118   159   158   125   
684      0    16   4   5.89419   12   2   1   3   13   18   16   6   15   142   159   151   143   
685      0    16   4   5.89419   12   2   1   3   4   6   9   18   14   120   159   128   155   
686      0    8   4   5.89419   9   2   1   7   17   18   6   145   153   156   
687      0    16   4   5.89419   11   1   2   6   8   18   12   3   124   159   160   158   
688      0    16   4   5.89419   11   1   2   6   12   18   7   17   125   156   157   150   
689      0    16   4   5.89419   11   1   2   8   9   18   15   13   139   160   154   151   
690      0    16   4   5.89419   11   1   2   6   8   18   12   17   124   156   160   157   
691      0    16   4   5.89419   12   1   2   6   9   18   10   3   13   121   159   154   134   
692      0    16   4   5.89419   12   1   2   9   12   18   16   13   3   141   154   158   142   
693      0    16   4   5.89419   12   1   2   6   12   18   11   17   3   126   156   158   147   
694      0    16   4   5.89419   12   1   2   6   12   18   11   3   17   126   159   157   147   
695      0    8   4   5.89419   9   1   2   8   14   18   9   136   160   155   
696      0    16   4   5.94572   12   2   1   3   4   18   15   12   19   137   158   162   163   
697      0    16   4   5.94572   12   2   1   3   4   18   9   6   19   120   159   162   161   
698      0    8   4   5.94572   8   2   1   10   15   12   19   138   163   
699      0    16   4   5.94572   12   1   2   9   12   19   16   6   15   141   161   163   143   
700      0    16   4   5.94572   12   1   2   6   12   19   7   9   15   125   161   163   140   
701      0    16   4   5.94572   12   1   2   4   12   19   13   18   15   131   162   163   151   
702      0    4   4   5.94572   8   1   2   6   9   19   10   121   161   
703      0    8   4   5.94572   9   1   2   4   19   7   18   119   162   153   
704      0    16   4   5.94572   12   1   2   4   6   19   13   18   9   130   162   161   154   
