label    weight    mult    size    length    heirarchy 
0      0    1   0   0   0   
1      0    4   1   0   0   
2      0    4   2   3.6913   1   1   
3      0    8   2   5.31617   2   1   2   
4      0    4   2   5.94572   2   1   3   
5      0    8   2   6.42676   2   1   4   
6      0    8   2   6.99838   2   1   5   
7      0    4   2   7.3826   2   1   6   
8      0    8   2   7.45071   2   1   7   
9      0    8   2   8.27977   2   1   8   
10      0    8   2   9.26948   2   1   9   
11      0    8   2   9.47916   2   1   10   
12      0    4   2   9.49486   2   1   11   
13      0    4   2   9.971   2   1   12   
14      0    8   2   10.1872   2   1   13   
15      0    8   2   10.4888   2   1   14   
16      0    8   2   10.6323   2   1   15   
17      0    8   2   10.6384   2   1   16   
18      0    4   2   11.0173   2   1   17   
19      0    4   2   11.0739   2   1   18   
20      0    8   2   11.0931   2   1   19   
21      0    8   2   11.6192   2   1   20   
22      0    8   2   12.0273   2   1   21   
23      0    16   2   12.2328   2   1   22   
24      0    8   2   12.4066   2   1   23   
25      0    8   2   12.5691   2   1   24   
26      0    8   2   12.949   2   1   25   
27      0    8   2   13.2621   2   1   26   
28      0    16   2   13.3001   2   1   27   
29      0    4   2   13.3937   2   1   28   
30      0    8   2   13.8481   2   1   29   
31      0    8   2   13.8931   2   1   30   
32      0    8   2   13.983   2   1   31   
33      0    8   2   14.3112   2   1   32   
34      0    8   2   14.5871   2   1   33   
35      0    4   2   14.7652   2   1   34   
36      0    8   2   14.8594   2   1   35   
37      0    8   2   14.9014   2   1   36   
38      0    8   2   14.9257   2   1   37   
39      0    8   2   15.0699   2   1   38   
40      0    16   2   15.2117   2   1   39   
41      0    8   2   15.2936   2   1   40   
42      0    16   2   15.311   2   1   41   
43      0    8   2   15.6209   2   1   42   
44      0    8   2   15.7934   2   1   43   
45      0    8   2   15.9174   2   1   44   
46      0    8   2   15.9485   2   1   45   
47      0    4   3   5.31617   3   1   2   3   
48      0    4   3   5.31617   3   1   2   3   
49      0    16   3   6.42676   4   1   3   4   5   
50      0    8   3   6.42676   3   1   2   5   
51      0    16   3   6.99838   4   1   3   6   5   
52      0    16   3   6.99838   4   1   2   4   6   
53      0    4   3   7.3826   3   1   2   7   
54      0    8   3   7.3826   3   1   6   7   
55      0    8   3   7.45071   4   1   3   7   8   
56      0    8   3   7.45071   4   1   3   8   7   
57      0    8   3   7.45071   4   1   2   3   8   
58      0    16   3   7.45071   4   1   5   6   8   
59      0    8   3   7.45071   4   1   2   3   8   
60      0    16   3   8.27977   4   1   2   5   9   
61      0    16   3   8.27977   4   1   3   6   9   
62      0    16   3   8.27977   4   1   4   8   9   
63      0    16   3   8.27977   4   1   5   9   7   
64      0    16   3   9.26948   4   1   3   10   4   
65      0    16   3   9.26948   4   1   3   10   6   
66      0    16   3   9.26948   4   1   6   10   8   
67      0    8   3   9.26948   3   1   2   10   
68      0    16   3   9.47916   4   1   3   11   9   
69      0    16   3   9.47916   4   1   2   6   11   
70      0    16   3   9.47916   4   1   4   7   11   
71      0    16   3   9.47916   4   1   5   8   11   
72      0    16   3   9.47916   4   1   8   10   11   
73      0    16   3   9.49486   4   1   3   5   12   
74      0    16   3   9.49486   4   1   8   9   12   
75      0    8   3   9.971   3   1   8   13   
76      0    8   3   9.971   3   1   3   13   
77      0    8   3   9.971   4   1   4   12   13   
78      0    16   3   9.971   4   1   5   13   10   
79      0    8   4   6.42676   8   1   2   3   5   4   48   50   49   
80      0    16   4   6.99838   10   1   3   4   6   5   2   49   51   52   50   
81      0    16   4   6.99838   10   1   2   3   6   4   5   47   52   51   49   
82      0    4   4   6.99838   5   1   2   4   6   52   
