# formation energy   weight        concentrations         dist_from_hull        name 
  0.66364000      0.0000000     0.75000000 2.1885306e-316     Mg3V8O20_0
  0.84760000      0.0000000     0.50000000 2.1885306e-316     Mg2V8O20_0
  0.19530000      0.0000000     0.50000000 2.1885306e-316     Mg2V8O20_1
  0.92406000      0.0000000     0.50000000 2.1885306e-316     Mg2V8O20_2
  0.51244000      0.0000000     0.25000000 2.1885306e-316     Mg1V8O20_0
-0.00038000000      0.0000000      0.0000000 2.1885306e-316     Mg0V8O20_0
0.00036000000      0.0000000      1.0000000 2.1885306e-316     Mg4V8O20_0
  0.42742667      0.0000000     0.83333333    0.0000000   Mg10V24O60_0
  0.43581667      0.0000000     0.83333333    0.0000000   Mg10V24O60_1
  0.44151000      0.0000000     0.83333333    0.0000000   Mg10V24O60_2
  0.21289000      0.0000000     0.83333333    0.0000000   Mg10V24O60_3
  0.40946667      0.0000000     0.83333333    0.0000000   Mg10V24O60_4
  0.41657667      0.0000000     0.83333333    0.0000000   Mg10V24O60_5
  0.40612000      0.0000000     0.83333333    0.0000000   Mg10V24O60_6
  0.24348333      0.0000000     0.16666667    0.0000000    Mg2V24O60_0
  0.17753333      0.0000000     0.16666667    0.0000000    Mg2V24O60_1
  0.18925333      0.0000000     0.16666667    0.0000000    Mg2V24O60_2
  0.20158333      0.0000000     0.16666667    0.0000000    Mg2V24O60_3
  0.17708000      0.0000000     0.16666667    0.0000000    Mg2V24O60_4
  0.21813000      0.0000000     0.16666667    0.0000000    Mg2V24O60_5
  0.20381333      0.0000000     0.16666667    0.0000000    Mg2V24O60_6
  0.46615333      0.0000000     0.33333333    0.0000000    Mg4V24O60_0
  0.41660000      0.0000000     0.33333333    0.0000000    Mg4V24O60_1
  0.70834333      0.0000000     0.66666667    0.0000000    Mg8V24O60_0
  0.31326667      0.0000000     0.66666667    0.0000000    Mg8V24O60_1
  0.50821333      0.0000000     0.66666667    0.0000000    Mg8V24O60_2
  0.12830500      0.0000000     0.12500000    0.0000000    Mg1V16O40_2
  0.24097000      0.0000000     0.25000000    0.0000000   Mg2V16O40_7_GS
  0.26627500      0.0000000     0.25000000    0.0000000   Mg2V16O40_8_GS
  0.24602500      0.0000000     0.25000000    0.0000000   Mg2V16O40_9_GS
  0.54954000      0.0000000     0.50000000    0.0000000   Mg4V16O40_13
  0.57231500      0.0000000     0.50000000    0.0000000   Mg4V16O40_14
  0.41826500      0.0000000     0.50000000    0.0000000   Mg4V16O40_15
  0.43069500      0.0000000     0.50000000    0.0000000   Mg4V16O40_16
  0.56468500      0.0000000     0.75000000    0.0000000    Mg6V16O40_7
  0.27316500      0.0000000     0.75000000    0.0000000    Mg6V16O40_8
  0.60211000      0.0000000     0.75000000    0.0000000    Mg6V16O40_9
  0.33001000      0.0000000     0.87500000    0.0000000    Mg7V16O40_2
  0.12736000      0.0000000     0.12500000    0.0000000    Mg1V16O40_3
  0.25567500      0.0000000     0.25000000    0.0000000   Mg2V16O40_10
  0.26532000      0.0000000     0.25000000    0.0000000   Mg2V16O40_11
  0.24271000      0.0000000     0.25000000    0.0000000   Mg2V16O40_12_GS
  0.54926000      0.0000000     0.50000000    0.0000000   Mg4V16O40_18
  0.27280500      0.0000000     0.75000000    0.0000000   Mg6V16O40_11
  0.60137000      0.0000000     0.75000000    0.0000000   Mg6V16O40_12
  0.33007000      0.0000000     0.87500000    0.0000000    Mg7V16O40_3
  0.56483500      0.0000000     0.75000000    0.0000000   Mg6V16O40_10
  0.56871000      0.0000000     0.50000000    0.0000000   Mg4V16O40_19
  0.41526500      0.0000000     0.50000000    0.0000000   Mg4V16O40_20
  0.43198000      0.0000000     0.50000000    0.0000000   Mg4V16O40_21
  0.12951500      0.0000000     0.12500000    0.0000000    Mg1V16O40_5
  0.25093000      0.0000000     0.25000000    0.0000000   Mg2V16O40_18
  0.26643500      0.0000000     0.25000000    0.0000000   Mg2V16O40_20
  0.31659000      0.0000000     0.25000000    0.0000000   Mg2V16O40_21
  0.44106000      0.0000000     0.50000000    0.0000000   Mg4V16O40_37
  0.57827000      0.0000000     0.75000000    0.0000000   Mg6V16O40_18
  0.54356500      0.0000000     0.75000000    0.0000000   Mg6V16O40_19
  0.27294000      0.0000000     0.75000000    0.0000000   Mg6V16O40_20
  0.61535500      0.0000000     0.75000000    0.0000000   Mg6V16O40_21
  0.33143000      0.0000000     0.87500000    0.0000000    Mg7V16O40_5
  0.55114500      0.0000000     0.50000000    0.0000000   Mg4V16O40_33
  0.68845000      0.0000000     0.50000000    0.0000000   Mg4V16O40_34
  0.43755000      0.0000000     0.50000000    0.0000000   Mg4V16O40_35
  0.23694000      0.0000000     0.25000000    0.0000000   Mg2V16O40_19
  0.44160000      0.0000000     0.50000000    0.0000000   Mg4V16O40_38
  0.40921000      0.0000000     0.50000000    0.0000000   Mg4V16O40_36
  0.41928500      0.0000000     0.50000000    0.0000000   Mg4V16O40_39
  0.13949500      0.0000000     0.12500000    0.0000000    Mg1V16O40_6
  0.25557500      0.0000000     0.25000000    0.0000000    Mg2V16O40_1
  0.24625500      0.0000000     0.25000000    0.0000000    Mg2V16O40_2
  0.27002000      0.0000000     0.25000000    0.0000000    Mg2V16O40_3
  0.32262000      0.0000000     0.25000000    0.0000000    Mg2V16O40_4
  0.57839500      0.0000000     0.37500000    0.0000000   Mg3V16O40_30
  0.40671000      0.0000000     0.37500000    0.0000000   Mg3V16O40_31
  0.65399500      0.0000000     0.37500000    0.0000000   Mg3V16O40_32
  0.36440000      0.0000000     0.37500000    0.0000000   Mg3V16O40_33
  0.37248000      0.0000000     0.37500000    0.0000000   Mg3V16O40_34
  0.55345000      0.0000000     0.50000000    0.0000000    Mg4V16O40_1
  0.58263500      0.0000000     0.50000000    0.0000000    Mg4V16O40_2
  0.40325500      0.0000000     0.50000000    0.0000000    Mg4V16O40_4
  0.44268000      0.0000000     0.50000000    0.0000000    Mg4V16O40_5
  0.44956500      0.0000000     0.50000000    0.0000000    Mg4V16O40_7
  0.44525500      0.0000000     0.50000000    0.0000000    Mg4V16O40_8
  0.42775000      0.0000000     0.50000000    0.0000000    Mg4V16O40_9
  0.63969000      0.0000000     0.62500000    0.0000000   Mg5V16O40_30
  0.24048000      0.0000000     0.62500000    0.0000000   Mg5V16O40_31
  0.53853500      0.0000000     0.62500000    0.0000000   Mg5V16O40_32
  0.62510000      0.0000000     0.62500000    0.0000000   Mg5V16O40_33
  0.67967000      0.0000000     0.62500000    0.0000000   Mg5V16O40_34
  0.55397500      0.0000000     0.75000000    0.0000000    Mg6V16O40_1
  0.58301500      0.0000000     0.75000000    0.0000000    Mg6V16O40_2
  0.27563500      0.0000000     0.75000000    0.0000000    Mg6V16O40_3
  0.61254000      0.0000000     0.75000000    0.0000000    Mg6V16O40_4
  0.32058000      0.0000000     0.87500000    0.0000000    Mg7V16O40_6
  0.12259000      0.0000000     0.25000000    0.0000000   Mg2V16O40_112_2
  0.35837000      0.0000000     0.25000000    0.0000000   Mg2V16O40_15_GS
 0.087012500      0.0000000     0.12500000    0.0000000   Mg4V64O160_83
